-1.121 1.326 10.143 3 0 -8.6 -11 10 0
-0.951002 6.01604 10.143 3 0 -8.6 16.8 -18 0
-0.951002 6.01604 10.143 3 0 -8.6 16.8 -18 0
-0.951002 6.29605 10.143 -37 0 -8.6 16.8 -18 0
0.578997 6.76606 10.143 -19 0 -8.6 16.8 -18 0
0.578997 6.97607 10.143 -19 0 -2.2 -22.4 13 0
0.578997 6.97607 10.143 -19 0 5.4 -0.2 -26 0
0.578997 6.97607 10.143 3 0 5.4 -0.2 -26 0
2.519 6.97607 10.143 -19 0 5.4 -0.2 -26 0
2.519 6.97607 10.143 -19 0 43.6001 -0.2 -55 0
2.519 6.97607 10.143 -19 0 5.4 -0.2 -55 0
4.219 7.75608 10.143 7 0 5.4 -0.2 -55 0
4.219 7.75608 10.143 7 0 5.4 -0.2 -55 0
3.95899 8.09609 10.143 -9 0 5.4 2.6 -33 0
3.95898 8.09617 10.143 24 0 5.39996 2.59999 -32.9994 0